153747
153748
167441
167673
235721
158332
206141
233363
159241
160816
160817
160818
160846
234386
161069
163987
165355
160801
161070
161071
154936
217474
161795
236653
171647
222257
222258
166691
162290
104993
104994
109760
126173
126174
132281
146870
150622
152134
154208
154212
192934
195395
172358
204593
233892
158952
159745
161388
204590
164669
153747
153748
167441
167673
235721
158332
206141
233363
159241
160816
160817
160818
160846
234386
161069
163987
165355
160801
161070
161071
154936
217474
161795
236653
171647
222257
222258
166691
162290
104993
104994
109760
126173
126174
132281
146870
150622
152134
154208
154212
192934
195395
172358
204593
233892
158952
159745
161388
204590
164669
153747
153748
167441
167673
235721
158332
206141
233363
159241
160816
160817
160818
160846
234386
161069
163987
165355
160801
161070
161071
154936
217474
161795
236653
171647
222257
222258
166691
162290
104993
104994
109760
126173
126174
132281
146870
150622
152134
154208
154212
192934
195395
172358
204593
233892
158952
159745
161388
204590
164669
